      0/29     4.64G   0.04482   0.01991  0.006091   0.07082        31       640    0.7619    0.6223    0.6805    0.3922   0.03447    0.0131  0.003217
      1/29      5.8G   0.04315   0.01848  0.005676   0.06731        25       640    0.8378    0.5777    0.6753    0.3684   0.03612    0.0124  0.003013
      2/29      5.8G   0.04307   0.01804  0.005547   0.06666        42       640    0.8324    0.6135    0.6827    0.4011    0.0348   0.01206  0.002968
      3/29      5.8G   0.04518   0.01815  0.005277    0.0686        32       640    0.8424    0.5162    0.5942     0.299    0.0432   0.01445  0.004757
      4/29      5.8G   0.04593   0.01843  0.005367   0.06973        37       640    0.6761    0.5729    0.6171    0.3025   0.03567   0.01189  0.003274
      5/29      5.8G    0.0474   0.01788  0.005215   0.07049        35       640    0.8156    0.6011    0.6181    0.2908   0.04112   0.01195  0.002852
      6/29      5.8G   0.04688   0.01822  0.005159   0.07025        39       640    0.6762    0.5882    0.6402    0.2828   0.03985   0.01233  0.003028
      7/29      5.8G   0.04806   0.01817  0.005392   0.07162        23       640    0.8251     0.565    0.6336    0.2767   0.04106   0.01226  0.003727
      8/29      5.8G   0.04767   0.01734  0.005016   0.07002        29       640    0.5612    0.6024    0.5171    0.2558   0.03912   0.01269   0.00337
      9/29      5.8G   0.05446   0.01752   0.00538   0.07736        27       640    0.7616    0.5697    0.5972    0.2788   0.03962   0.01243  0.003382
     10/29      5.8G   0.05113   0.01822  0.004894   0.07424        31       640    0.7538    0.6079    0.6139    0.3005   0.04137   0.01183  0.003301
     11/29      5.8G   0.04844   0.01714   0.00515   0.07074        35       640    0.5288    0.5974    0.5142     0.252   0.03861   0.01167  0.002894
     12/29      5.8G   0.04922   0.01717   0.00456   0.07095        27       640    0.6493    0.5335    0.5626    0.2545   0.04439   0.01246  0.003417
     13/29      5.8G   0.04622   0.01729  0.004767   0.06829        26       640    0.6231    0.5964    0.5919    0.2884   0.03588   0.01156  0.002969
     14/29      5.8G   0.04652   0.01713   0.00468   0.06832        33       640    0.7144    0.6462    0.6607     0.329   0.03765   0.01132  0.004428
     15/29      5.8G   0.04716   0.01657  0.004292   0.06802        34       640    0.5822    0.6911    0.5939    0.3088   0.04118   0.01183  0.002877
     16/29      5.8G   0.04643   0.01662  0.004166   0.06722        35       640     0.709    0.6713    0.6912    0.3645   0.03635   0.01085  0.003023
     17/29      5.8G   0.04491   0.01564   0.00409   0.06464        32       640    0.7287     0.678     0.703    0.3579   0.03783   0.01157  0.003421
     18/29      5.8G   0.04291    0.0165  0.004352   0.06376        34       640    0.7645    0.7107    0.7395    0.4153   0.03431   0.01067  0.003206
     19/29      5.8G   0.04224   0.01553  0.003904   0.06167        28       640    0.6507    0.7406     0.741     0.387   0.03535   0.01007   0.00231
     20/29      5.8G   0.03826   0.01488  0.003555   0.05669        29       640    0.7562    0.6949    0.7305    0.4344   0.03239   0.01021  0.002879
     21/29      5.8G   0.03854   0.01482  0.003709   0.05708        29       640     0.842    0.6916    0.7922    0.5008   0.02839   0.01006  0.002193
     22/29      5.8G   0.03769   0.01514  0.003386   0.05621        35       640    0.8737    0.7575    0.8102     0.495   0.02834  0.009591  0.002235
     23/29      5.8G   0.03421   0.01428  0.002993   0.05148        34       640    0.8124    0.7333    0.7737    0.4798   0.02822  0.009455  0.001771
     24/29      5.8G   0.03477   0.01448  0.003067   0.05232        34       640    0.8877    0.7664    0.8501    0.5225   0.02796  0.009019  0.001704
     25/29      5.8G   0.03186   0.01378  0.002832   0.04847        33       640    0.8458    0.7986    0.8462    0.5329   0.02744  0.009066  0.001678
     26/29      5.8G   0.03116   0.01386  0.002524   0.04755        31       640    0.9133    0.8282    0.8787    0.5703    0.0253  0.008505  0.001435
     27/29      5.8G   0.03027   0.01309  0.002316   0.04568        38       640    0.8686    0.8391    0.8729     0.568   0.02428  0.008272  0.001443
     28/29      5.8G   0.02862   0.01302  0.002327   0.04397        41       640    0.9167    0.8451    0.8845    0.5876   0.02409  0.008009  0.001282
     29/29      5.8G   0.02796   0.01297  0.001933   0.04286        33       640    0.9147    0.8499    0.8933    0.6104   0.02269  0.007786  0.001126
