      0/19     4.64G   0.09865   0.03274   0.04133    0.1727        31       640   0.07003    0.1015   0.05589   0.01284   0.07147   0.02889   0.03359
      1/19      5.8G   0.06397   0.03422   0.02934    0.1275        25       640    0.9268    0.1852    0.2056   0.09624   0.04677   0.02269   0.02506
      2/19      5.8G   0.05253     0.024   0.02176   0.09828        42       640    0.2972    0.4527    0.4098    0.2027   0.04262   0.01609   0.01767
      3/19      5.8G   0.05992    0.0199   0.01641   0.09623        32       640    0.3427    0.6767    0.5033    0.1758    0.0519   0.01381   0.01285
      4/19      5.8G   0.05456   0.01809   0.01234     0.085        37       640    0.7041    0.6988    0.7463    0.3879   0.03887   0.01215  0.008833
      5/19      5.8G   0.05046   0.01565  0.009022   0.07513        35       640    0.7098    0.7375    0.7408    0.3537   0.04079   0.01024  0.006568
      6/19      5.8G   0.04681   0.01425  0.006445    0.0675        39       640    0.7236    0.7804    0.8054    0.3814   0.04251  0.009195  0.005152
      7/19      5.8G   0.04433   0.01333  0.005615   0.06327        23       640    0.7291    0.7477    0.7567    0.3369   0.03789  0.008455  0.003944
      8/19      5.8G   0.04136     0.012  0.004766   0.05813        29       640    0.9203    0.8715    0.9233    0.6262   0.02784   0.00774  0.003551
      9/19      5.8G   0.04408   0.01169  0.004444   0.06022        27       640    0.8085    0.8509    0.8953    0.5145   0.03237  0.008191  0.004024
     10/19      5.8G   0.04152   0.01201  0.004227   0.05776        31       640    0.7906    0.8972    0.9006    0.4948    0.0338  0.007457  0.003307
     11/19      5.8G   0.03951   0.01088  0.003963   0.05435        35       640    0.8379    0.8647    0.9154    0.5085   0.02945   0.00715  0.002924
     12/19      5.8G    0.0357   0.01048  0.003382   0.04956        27       640    0.7648    0.8555    0.8712     0.495   0.03208  0.006806  0.002738
     13/19      5.8G   0.03433   0.01036  0.003156   0.04784        26       640    0.8503    0.9298    0.9347      0.59   0.02646  0.006528  0.002455
     14/19      5.8G    0.0319  0.009983  0.002972   0.04485        33       640    0.8001    0.9276    0.9347    0.6185   0.02429    0.0062  0.002317
     15/19      5.8G   0.03144  0.009514  0.002855   0.04381        34       640    0.8959    0.9315    0.9445    0.6207   0.02501  0.006089  0.002322
     16/19      5.8G   0.02928  0.009455  0.002638   0.04137        35       640    0.9726    0.9442    0.9786    0.6562   0.02596  0.005999  0.002012
     17/19      5.8G    0.0285  0.009104  0.002543   0.04015        32       640    0.9593    0.9593    0.9794    0.6874   0.02147  0.005657  0.002063
     18/19      5.8G   0.02668  0.009211  0.002272   0.03816        34       640    0.9762    0.9684    0.9825    0.6933   0.02161  0.005444  0.001725
     19/19      5.8G   0.02592  0.008586  0.002188   0.03669        28       640    0.9486    0.9727    0.9777    0.6857   0.02062  0.005429  0.001743
